best chromosome in generation 0 is [0, 1, 2, 3, 4, 5, 6, 7, 8, 9, 10, 11, 12, 13, 14, 15, 16, 17, 47, 19, 20, 21, 22, 23, 24, 25, 26, 27, 28, 29, 30, 31, 32, 33, 34, 35, 36, 37, 38, 39, 40, 41, 42, 43, 44, 45, 46, 18, 48, 49, 50] with distance = 1282.0 with fitness = 0.00078003120124805
best chromosome in generation 1 is [0, 1, 2, 3, 4, 5, 6, 7, 8, 9, 10, 11, 12, 13, 14, 15, 16, 17, 47, 19, 20, 21, 22, 23, 24, 25, 26, 27, 28, 29, 30, 31, 32, 33, 34, 35, 36, 37, 38, 39, 40, 41, 42, 43, 44, 45, 46, 18, 48, 49, 50] with distance = 1282.0 with fitness = 0.00078003120124805
best chromosome in generation 2 is [6, 7, 8, 9, 10, 11, 12, 13, 14, 15, 16, 17, 47, 19, 20, 21, 22, 23, 24, 25, 26, 27, 28, 37, 30, 31, 32, 33, 34, 35, 36, 29, 38, 39, 40, 41, 42, 43, 44, 45, 46, 18, 48, 49, 50, 0, 1, 2, 3, 4, 5] with distance = 1263.0 with fitness = 0.000791765637371338
best chromosome in generation 3 is [17, 47, 19, 20, 21, 22, 23, 24, 25, 26, 27, 28, 29, 30, 31, 32, 33, 34, 35, 49, 37, 38, 39, 40, 41, 42, 43, 44, 45, 46, 18, 48, 36, 50, 0, 1, 2, 3, 4, 5, 6, 7, 8, 9, 10, 11, 12, 13, 14, 15, 16] with distance = 1249.0 with fitness = 0.0008006405124099279
best chromosome in generation 4 is [0, 1, 2, 37, 4, 5, 6, 7, 8, 9, 10, 11, 38, 13, 14, 15, 16, 17, 47, 19, 20, 21, 22, 23, 24, 25, 26, 27, 28, 29, 30, 31, 32, 33, 34, 35, 36, 3, 12, 39, 40, 41, 42, 43, 44, 45, 46, 18, 48, 49, 50] with distance = 1241.0 with fitness = 0.0008058017727639
best chromosome in generation 5 is [17, 47, 19, 20, 21, 22, 23, 24, 25, 30, 27, 28, 29, 26, 31, 32, 33, 34, 35, 49, 37, 38, 39, 40, 41, 42, 43, 44, 45, 46, 18, 48, 36, 50, 0, 1, 2, 3, 4, 5, 6, 7, 8, 9, 10, 11, 12, 13, 14, 15, 16] with distance = 1195.0 with fitness = 0.0008368200836820083
best chromosome in generation 6 is [17, 47, 19, 20, 21, 22, 23, 24, 25, 30, 27, 28, 29, 26, 31, 32, 33, 34, 35, 49, 37, 38, 39, 40, 41, 42, 43, 44, 45, 46, 18, 48, 36, 50, 0, 1, 2, 3, 4, 5, 6, 7, 8, 9, 10, 11, 12, 13, 14, 15, 16] with distance = 1195.0 with fitness = 0.0008368200836820083
best chromosome in generation 7 is [17, 47, 19, 20, 21, 22, 23, 24, 25, 30, 27, 28, 29, 26, 31, 32, 33, 34, 35, 49, 37, 38, 39, 40, 41, 18, 43, 44, 45, 46, 42, 48, 36, 50, 0, 1, 2, 3, 4, 5, 6, 7, 8, 9, 10, 11, 12, 13, 14, 15, 16] with distance = 1144.0 with fitness = 0.0008741258741258741
best chromosome in generation 8 is [17, 47, 19, 20, 21, 22, 23, 24, 25, 30, 27, 28, 29, 26, 31, 32, 33, 34, 35, 49, 37, 38, 39, 40, 41, 18, 43, 44, 45, 46, 42, 48, 36, 50, 0, 1, 2, 3, 4, 5, 6, 7, 8, 9, 10, 11, 12, 13, 14, 15, 16] with distance = 1144.0 with fitness = 0.0008741258741258741
best chromosome in generation 9 is [17, 47, 19, 20, 21, 22, 23, 24, 25, 30, 27, 28, 29, 26, 31, 32, 33, 34, 35, 49, 37, 38, 39, 40, 41, 18, 43, 44, 45, 46, 15, 48, 36, 50, 0, 1, 2, 3, 4, 5, 6, 7, 8, 9, 10, 11, 12, 13, 14, 42, 16] with distance = 1135.0 with fitness = 0.000881057268722467
best chromosome in generation 10 is [42, 47, 19, 20, 21, 22, 23, 24, 25, 30, 27, 28, 29, 26, 31, 32, 33, 34, 35, 49, 37, 38, 39, 40, 41, 18, 43, 44, 45, 46, 17, 48, 36, 50, 0, 1, 2, 3, 4, 5, 6, 7, 8, 9, 10, 11, 12, 13, 14, 15, 16] with distance = 1121.0 with fitness = 0.0008920606601248885
best chromosome in generation 11 is [17, 47, 19, 20, 21, 22, 23, 24, 25, 30, 27, 28, 29, 26, 31, 32, 33, 34, 35, 49, 37, 38, 39, 40, 41, 18, 43, 44, 36, 46, 15, 48, 45, 50, 0, 1, 2, 3, 4, 5, 6, 7, 8, 9, 10, 11, 12, 13, 14, 42, 16] with distance = 1107.0 with fitness = 0.0009033423667570009
best chromosome in generation 12 is [17, 47, 19, 20, 21, 22, 23, 24, 25, 30, 27, 28, 29, 26, 31, 32, 33, 34, 35, 49, 37, 38, 39, 40, 41, 18, 43, 44, 45, 46, 15, 48, 36, 50, 0, 1, 2, 10, 4, 5, 6, 7, 8, 9, 3, 42, 12, 13, 14, 11, 16] with distance = 1072.0 with fitness = 0.0009328358208955224
best chromosome in generation 13 is [33, 34, 35, 49, 37, 38, 39, 40, 41, 18, 43, 44, 36, 46, 15, 48, 45, 50, 0, 1, 2, 3, 4, 5, 6, 7, 8, 9, 10, 11, 12, 16, 14, 42, 13, 17, 47, 19, 20, 21, 22, 23, 24, 25, 30, 27, 28, 29, 26, 31, 32] with distance = 1059.0 with fitness = 0.0009442870632672333
best chromosome in generation 14 is [17, 47, 19, 20, 21, 22, 23, 24, 25, 30, 27, 28, 29, 26, 31, 32, 33, 34, 35, 49, 37, 38, 39, 40, 41, 18, 43, 44, 45, 46, 15, 48, 36, 50, 0, 1, 2, 10, 4, 5, 6, 7, 8, 9, 14, 42, 12, 13, 3, 11, 16] with distance = 1052.0 with fitness = 0.0009505703422053232
best chromosome in generation 15 is [33, 34, 35, 49, 37, 38, 39, 40, 41, 18, 43, 44, 36, 46, 15, 48, 45, 50, 0, 1, 2, 3, 4, 5, 6, 7, 26, 9, 10, 11, 12, 16, 14, 42, 13, 17, 47, 19, 20, 21, 22, 23, 24, 25, 30, 27, 28, 29, 8, 31, 32] with distance = 1043.0 with fitness = 0.0009587727708533077
best chromosome in generation 16 is [33, 34, 35, 49, 37, 38, 39, 40, 41, 18, 43, 44, 36, 46, 15, 48, 45, 50, 0, 1, 2, 3, 4, 5, 6, 7, 26, 9, 10, 11, 14, 16, 12, 42, 13, 17, 47, 19, 20, 21, 22, 23, 24, 25, 30, 27, 28, 29, 8, 31, 32] with distance = 1015.0 with fitness = 0.0009852216748768472
best chromosome in generation 17 is [33, 34, 35, 49, 37, 38, 39, 40, 41, 18, 43, 44, 36, 46, 15, 48, 45, 50, 0, 1, 2, 3, 4, 5, 6, 7, 26, 9, 10, 11, 14, 16, 12, 42, 13, 17, 47, 19, 20, 21, 22, 23, 24, 25, 30, 27, 28, 29, 8, 31, 32] with distance = 1015.0 with fitness = 0.0009852216748768472
best chromosome in generation 18 is [9, 32, 11, 14, 16, 12, 42, 13, 17, 47, 19, 20, 21, 22, 23, 24, 25, 30, 27, 28, 29, 8, 31, 10, 33, 34, 35, 49, 37, 38, 39, 40, 41, 18, 43, 44, 36, 46, 15, 48, 45, 50, 0, 1, 2, 3, 4, 5, 6, 7, 26] with distance = 981.0 with fitness = 0.0010193679918450561
best chromosome in generation 19 is [9, 32, 11, 14, 16, 12, 42, 13, 17, 47, 19, 20, 21, 22, 23, 24, 25, 30, 27, 28, 29, 8, 31, 10, 33, 34, 35, 49, 37, 38, 39, 40, 41, 18, 43, 44, 36, 46, 15, 48, 45, 50, 0, 1, 2, 3, 4, 5, 6, 7, 26] with distance = 981.0 with fitness = 0.0010193679918450561
best chromosome in generation 20 is [9, 32, 11, 14, 16, 12, 42, 13, 17, 47, 33, 20, 21, 22, 23, 24, 25, 30, 27, 28, 29, 8, 31, 10, 19, 34, 35, 49, 37, 38, 39, 40, 41, 18, 43, 44, 36, 46, 15, 48, 45, 50, 0, 1, 2, 3, 4, 5, 6, 7, 26] with distance = 962.0 with fitness = 0.0010395010395010396
best chromosome in generation 21 is [9, 32, 11, 14, 16, 12, 42, 13, 17, 47, 33, 20, 21, 22, 23, 24, 25, 30, 27, 28, 29, 8, 31, 10, 19, 34, 35, 49, 37, 38, 39, 40, 41, 18, 43, 44, 36, 46, 15, 48, 45, 50, 0, 1, 2, 3, 4, 5, 6, 7, 26] with distance = 962.0 with fitness = 0.0010395010395010396
best chromosome in generation 22 is [9, 32, 11, 14, 16, 12, 42, 13, 17, 47, 33, 20, 21, 24, 23, 22, 25, 30, 27, 28, 29, 8, 31, 10, 19, 34, 35, 49, 37, 38, 39, 40, 41, 18, 43, 44, 36, 46, 15, 48, 45, 50, 0, 1, 2, 3, 4, 5, 6, 7, 26] with distance = 956.0 with fitness = 0.0010460251046025104
best chromosome in generation 23 is [9, 32, 11, 14, 16, 12, 24, 13, 17, 47, 33, 20, 21, 22, 23, 42, 25, 30, 27, 28, 29, 8, 31, 10, 19, 34, 35, 49, 37, 38, 39, 40, 41, 18, 43, 44, 36, 46, 15, 48, 45, 50, 0, 1, 2, 3, 4, 5, 6, 7, 26] with distance = 903.0 with fitness = 0.0011074197120708748
best chromosome in generation 24 is [9, 32, 11, 14, 16, 12, 24, 13, 17, 47, 33, 20, 21, 22, 23, 42, 25, 30, 27, 28, 29, 8, 31, 10, 19, 34, 35, 49, 37, 38, 39, 40, 41, 18, 43, 44, 36, 46, 15, 48, 45, 50, 0, 1, 2, 3, 4, 5, 6, 7, 26] with distance = 903.0 with fitness = 0.0011074197120708748
best chromosome in generation 25 is [9, 32, 11, 14, 16, 12, 24, 13, 17, 47, 33, 20, 21, 22, 23, 42, 25, 30, 27, 28, 29, 8, 31, 10, 19, 34, 35, 49, 37, 38, 39, 40, 41, 18, 43, 44, 36, 4, 15, 48, 45, 50, 0, 1, 2, 3, 46, 5, 6, 7, 26] with distance = 869.0 with fitness = 0.0011507479861910242
best chromosome in generation 26 is [9, 32, 11, 14, 16, 12, 24, 13, 17, 47, 33, 20, 21, 22, 23, 42, 25, 30, 27, 28, 29, 8, 31, 10, 19, 34, 35, 49, 37, 38, 39, 40, 41, 18, 43, 44, 36, 4, 15, 48, 45, 50, 0, 1, 2, 3, 46, 5, 6, 7, 26] with distance = 869.0 with fitness = 0.0011507479861910242
best chromosome in generation 27 is [9, 32, 14, 11, 16, 12, 24, 13, 17, 47, 33, 20, 21, 22, 23, 42, 25, 30, 27, 28, 29, 8, 31, 10, 19, 34, 35, 49, 37, 38, 39, 40, 41, 18, 43, 44, 36, 4, 15, 48, 45, 50, 0, 1, 2, 3, 46, 5, 6, 7, 26] with distance = 853.0 with fitness = 0.0011723329425556857
best chromosome in generation 28 is [9, 32, 14, 11, 16, 12, 24, 13, 17, 47, 33, 20, 21, 22, 23, 42, 25, 30, 27, 28, 29, 8, 31, 10, 19, 34, 35, 49, 37, 38, 39, 40, 41, 18, 43, 44, 36, 4, 15, 48, 45, 50, 0, 1, 2, 3, 46, 5, 6, 7, 26] with distance = 853.0 with fitness = 0.0011723329425556857
best chromosome in generation 29 is [9, 32, 14, 11, 16, 12, 24, 13, 17, 47, 33, 20, 21, 22, 23, 42, 25, 30, 27, 28, 29, 8, 31, 10, 19, 34, 35, 49, 37, 38, 39, 40, 41, 18, 43, 44, 36, 4, 15, 48, 45, 50, 0, 1, 2, 3, 46, 5, 6, 7, 26] with distance = 853.0 with fitness = 0.0011723329425556857
best chromosome in generation 30 is [9, 32, 14, 11, 16, 12, 24, 13, 17, 48, 33, 20, 21, 22, 23, 42, 25, 30, 27, 28, 29, 8, 31, 10, 19, 34, 35, 49, 37, 38, 39, 40, 41, 18, 43, 44, 36, 4, 15, 47, 45, 50, 0, 1, 2, 3, 46, 5, 6, 7, 26] with distance = 847.0 with fitness = 0.0011806375442739079
best chromosome in generation 31 is [37, 32, 14, 11, 16, 12, 24, 13, 17, 47, 33, 20, 21, 22, 23, 42, 25, 30, 27, 28, 29, 8, 31, 10, 19, 34, 35, 49, 9, 38, 39, 40, 41, 18, 43, 44, 36, 4, 15, 48, 45, 50, 0, 1, 2, 3, 46, 5, 6, 7, 26] with distance = 844.0 with fitness = 0.001184834123222749
best chromosome in generation 32 is [9, 32, 14, 11, 16, 12, 24, 13, 17, 48, 33, 20, 21, 22, 23, 42, 25, 30, 27, 28, 29, 8, 31, 10, 19, 34, 35, 49, 37, 38, 39, 40, 18, 41, 43, 44, 36, 4, 15, 47, 45, 50, 0, 1, 2, 3, 46, 5, 6, 7, 26] with distance = 832.0 with fitness = 0.001201923076923077
best chromosome in generation 33 is [37, 32, 14, 11, 16, 12, 24, 13, 17, 47, 33, 20, 21, 22, 23, 42, 25, 30, 27, 28, 29, 8, 31, 10, 19, 34, 35, 49, 9, 38, 39, 40, 18, 41, 43, 44, 36, 4, 15, 48, 45, 50, 0, 1, 2, 3, 46, 5, 6, 7, 26] with distance = 829.0 with fitness = 0.0012062726176115801
best chromosome in generation 34 is [9, 32, 14, 11, 16, 12, 24, 13, 17, 48, 33, 20, 21, 22, 23, 42, 25, 30, 27, 49, 29, 8, 31, 10, 19, 34, 35, 28, 37, 38, 39, 40, 18, 41, 43, 44, 36, 4, 15, 47, 45, 50, 0, 1, 2, 3, 46, 5, 6, 7, 26] with distance = 826.0 with fitness = 0.0012106537530266344
best chromosome in generation 35 is [9, 32, 14, 11, 16, 12, 24, 13, 17, 48, 33, 20, 21, 22, 23, 42, 25, 30, 27, 49, 29, 8, 10, 31, 19, 34, 35, 28, 37, 38, 39, 40, 18, 41, 43, 44, 36, 4, 15, 47, 45, 50, 0, 1, 2, 3, 46, 5, 6, 7, 26] with distance = 819.0 with fitness = 0.001221001221001221
best chromosome in generation 36 is [9, 32, 14, 11, 16, 12, 24, 13, 17, 48, 33, 20, 21, 22, 23, 42, 25, 30, 27, 49, 29, 8, 31, 10, 19, 34, 35, 2, 37, 38, 39, 40, 18, 41, 43, 44, 36, 4, 15, 47, 45, 50, 0, 1, 28, 3, 46, 5, 6, 7, 26] with distance = 816.0 with fitness = 0.0012254901960784314
best chromosome in generation 37 is [9, 32, 14, 11, 16, 12, 24, 13, 17, 48, 33, 20, 21, 22, 23, 42, 25, 30, 27, 49, 29, 8, 31, 0, 19, 34, 35, 2, 37, 38, 39, 40, 18, 41, 43, 44, 36, 4, 15, 47, 45, 50, 10, 1, 28, 3, 46, 5, 6, 7, 26] with distance = 811.0 with fitness = 0.0012330456226880395
best chromosome in generation 38 is [9, 32, 14, 11, 16, 12, 24, 13, 17, 48, 33, 20, 21, 22, 23, 42, 25, 30, 27, 49, 29, 8, 31, 15, 19, 34, 35, 2, 37, 38, 39, 40, 18, 41, 43, 44, 36, 4, 10, 47, 45, 50, 0, 1, 28, 3, 46, 5, 6, 7, 26] with distance = 807.0 with fitness = 0.0012391573729863693
best chromosome in generation 39 is [9, 32, 14, 11, 16, 12, 24, 13, 17, 48, 33, 20, 21, 22, 23, 42, 25, 30, 27, 49, 29, 8, 31, 0, 19, 34, 35, 2, 37, 38, 39, 40, 18, 41, 43, 44, 36, 4, 10, 47, 45, 50, 15, 1, 28, 3, 46, 5, 6, 7, 26] with distance = 806.0 with fitness = 0.0012406947890818859
best chromosome in generation 40 is [9, 32, 14, 11, 16, 12, 24, 13, 17, 48, 33, 20, 21, 22, 23, 42, 25, 30, 27, 31, 29, 8, 49, 15, 19, 34, 35, 2, 37, 38, 39, 40, 18, 41, 43, 44, 36, 4, 10, 47, 45, 50, 0, 1, 28, 3, 46, 5, 6, 7, 26] with distance = 792.0 with fitness = 0.0012626262626262627
best chromosome in generation 41 is [9, 32, 14, 11, 16, 12, 24, 13, 17, 48, 33, 20, 21, 22, 23, 42, 25, 30, 27, 31, 29, 8, 49, 15, 19, 34, 35, 2, 37, 38, 39, 40, 18, 41, 43, 44, 36, 4, 10, 47, 45, 50, 0, 1, 28, 3, 46, 5, 6, 7, 26] with distance = 792.0 with fitness = 0.0012626262626262627
best chromosome in generation 42 is [9, 32, 14, 11, 16, 12, 24, 13, 17, 48, 33, 20, 21, 22, 23, 42, 25, 30, 27, 31, 29, 8, 49, 15, 19, 34, 35, 2, 37, 38, 39, 40, 18, 41, 43, 44, 36, 4, 10, 47, 45, 50, 0, 1, 28, 3, 46, 5, 6, 7, 26] with distance = 792.0 with fitness = 0.0012626262626262627
best chromosome in generation 43 is [9, 38, 14, 11, 16, 12, 24, 13, 17, 48, 33, 20, 21, 22, 23, 42, 25, 30, 27, 31, 29, 8, 49, 15, 19, 34, 35, 2, 37, 32, 39, 40, 18, 41, 43, 44, 36, 4, 10, 47, 45, 50, 0, 1, 28, 3, 46, 5, 6, 7, 26] with distance = 788.0 with fitness = 0.0012690355329949238
best chromosome in generation 44 is [9, 32, 14, 11, 16, 12, 24, 13, 17, 48, 33, 20, 21, 22, 23, 42, 25, 30, 27, 31, 29, 8, 49, 15, 19, 34, 35, 2, 37, 38, 39, 40, 18, 41, 43, 44, 36, 4, 10, 50, 45, 47, 0, 1, 28, 3, 46, 5, 6, 7, 26] with distance = 780.0 with fitness = 0.001282051282051282
best chromosome in generation 45 is [9, 32, 14, 11, 16, 12, 24, 13, 17, 48, 33, 20, 21, 22, 23, 42, 25, 30, 27, 31, 29, 8, 49, 15, 19, 34, 35, 2, 37, 38, 39, 40, 18, 41, 43, 44, 36, 4, 10, 50, 45, 47, 0, 1, 28, 3, 46, 5, 6, 7, 26] with distance = 780.0 with fitness = 0.001282051282051282
best chromosome in generation 46 is [9, 32, 14, 11, 16, 12, 24, 13, 17, 48, 33, 20, 21, 22, 23, 42, 25, 30, 27, 1, 29, 8, 49, 15, 19, 34, 35, 2, 37, 38, 39, 40, 18, 41, 43, 44, 36, 4, 10, 50, 45, 47, 0, 31, 28, 3, 46, 5, 6, 7, 26] with distance = 778.0 with fitness = 0.0012853470437017994
best chromosome in generation 47 is [9, 32, 14, 11, 16, 12, 24, 13, 17, 48, 33, 20, 21, 22, 23, 42, 25, 30, 27, 28, 29, 8, 49, 15, 19, 34, 35, 2, 37, 38, 39, 40, 18, 41, 43, 44, 36, 4, 10, 50, 45, 47, 0, 1, 31, 3, 46, 5, 6, 7, 26] with distance = 760.0 with fitness = 0.0013157894736842105
best chromosome in generation 48 is [9, 32, 14, 11, 16, 12, 24, 13, 17, 48, 33, 20, 21, 22, 23, 42, 25, 30, 27, 28, 29, 8, 49, 15, 19, 34, 35, 2, 37, 38, 39, 40, 18, 41, 43, 44, 36, 4, 10, 50, 45, 47, 0, 1, 31, 3, 46, 5, 6, 7, 26] with distance = 760.0 with fitness = 0.0013157894736842105
best chromosome in generation 49 is [9, 38, 14, 11, 16, 12, 24, 13, 17, 48, 33, 20, 21, 22, 23, 42, 25, 30, 27, 28, 29, 8, 49, 15, 19, 34, 35, 2, 37, 32, 39, 40, 18, 41, 43, 44, 36, 4, 10, 50, 45, 47, 0, 1, 31, 3, 46, 5, 6, 7, 26] with distance = 756.0 with fitness = 0.0013227513227513227
best chromosome in generation 50 is [9, 38, 14, 11, 16, 12, 24, 13, 17, 48, 33, 20, 21, 22, 23, 42, 25, 30, 27, 28, 29, 8, 49, 15, 19, 34, 35, 2, 37, 32, 39, 40, 18, 41, 43, 44, 36, 4, 10, 50, 45, 47, 0, 1, 31, 3, 46, 5, 6, 7, 26] with distance = 756.0 with fitness = 0.0013227513227513227
best chromosome in generation 51 is [9, 38, 14, 11, 16, 12, 24, 13, 17, 48, 33, 20, 21, 22, 23, 42, 25, 30, 27, 28, 29, 8, 49, 15, 19, 34, 35, 2, 37, 36, 39, 40, 18, 41, 43, 44, 32, 4, 10, 50, 45, 47, 0, 1, 31, 3, 46, 5, 6, 7, 26] with distance = 742.0 with fitness = 0.0013477088948787063
best chromosome in generation 52 is [9, 38, 14, 11, 16, 12, 24, 13, 17, 48, 33, 20, 21, 22, 23, 42, 25, 30, 27, 28, 29, 8, 49, 15, 19, 34, 35, 2, 37, 36, 39, 40, 18, 41, 43, 44, 32, 4, 10, 50, 45, 47, 0, 1, 31, 3, 46, 5, 6, 7, 26] with distance = 742.0 with fitness = 0.0013477088948787063
best chromosome in generation 53 is [9, 38, 14, 11, 16, 12, 24, 13, 17, 48, 33, 20, 21, 22, 23, 42, 25, 30, 27, 28, 29, 8, 49, 15, 19, 34, 35, 2, 37, 36, 39, 40, 18, 41, 43, 44, 32, 4, 10, 50, 45, 47, 0, 1, 31, 3, 46, 5, 6, 7, 26] with distance = 742.0 with fitness = 0.0013477088948787063
best chromosome in generation 54 is [9, 38, 14, 36, 16, 12, 24, 13, 17, 48, 33, 20, 21, 22, 23, 42, 25, 30, 27, 28, 29, 8, 49, 15, 19, 34, 35, 2, 37, 11, 39, 40, 18, 41, 43, 44, 32, 4, 10, 50, 45, 47, 0, 1, 31, 3, 46, 5, 6, 7, 26] with distance = 729.0 with fitness = 0.0013717421124828531
best chromosome in generation 55 is [9, 38, 14, 36, 16, 12, 24, 13, 17, 48, 33, 20, 21, 22, 23, 42, 25, 30, 27, 28, 29, 8, 49, 15, 19, 34, 35, 2, 37, 11, 39, 40, 18, 41, 43, 44, 32, 4, 10, 50, 45, 47, 0, 1, 31, 3, 46, 5, 6, 7, 26] with distance = 729.0 with fitness = 0.0013717421124828531
best chromosome in generation 56 is [9, 38, 14, 36, 16, 12, 24, 13, 17, 48, 33, 20, 21, 22, 23, 42, 25, 30, 27, 28, 29, 8, 49, 15, 19, 34, 35, 2, 37, 11, 39, 40, 18, 41, 43, 44, 32, 4, 10, 50, 45, 47, 0, 26, 31, 3, 46, 5, 6, 7, 1] with distance = 724.0 with fitness = 0.0013812154696132596
best chromosome in generation 57 is [9, 38, 14, 36, 16, 12, 24, 13, 17, 48, 33, 20, 21, 22, 23, 42, 25, 30, 27, 28, 29, 8, 49, 15, 19, 34, 35, 2, 37, 11, 39, 40, 18, 41, 43, 44, 32, 4, 10, 50, 45, 47, 0, 26, 31, 3, 46, 5, 6, 7, 1] with distance = 724.0 with fitness = 0.0013812154696132596
best chromosome in generation 58 is [9, 38, 14, 36, 16, 12, 24, 13, 17, 48, 33, 20, 21, 22, 23, 42, 25, 30, 27, 28, 29, 8, 49, 15, 19, 34, 35, 2, 37, 11, 39, 40, 18, 41, 43, 44, 32, 4, 10, 50, 45, 47, 0, 26, 31, 3, 46, 5, 6, 7, 1] with distance = 724.0 with fitness = 0.0013812154696132596
best chromosome in generation 59 is [9, 38, 14, 36, 16, 12, 24, 13, 17, 48, 8, 20, 21, 22, 23, 42, 25, 30, 27, 28, 29, 33, 49, 15, 19, 34, 35, 2, 37, 11, 39, 40, 18, 41, 43, 44, 32, 4, 10, 50, 45, 47, 0, 26, 31, 3, 46, 5, 6, 7, 1] with distance = 719.0 with fitness = 0.0013908205841446453
best chromosome in generation 60 is [9, 38, 14, 36, 16, 12, 24, 13, 17, 48, 8, 20, 21, 22, 23, 42, 25, 30, 27, 28, 29, 33, 49, 15, 19, 34, 35, 2, 37, 11, 39, 40, 18, 41, 43, 44, 32, 4, 10, 50, 45, 47, 0, 26, 31, 3, 46, 5, 6, 7, 1] with distance = 719.0 with fitness = 0.0013908205841446453
best chromosome in generation 61 is [9, 38, 14, 36, 16, 12, 24, 13, 17, 48, 8, 20, 21, 22, 23, 42, 25, 30, 27, 28, 29, 33, 49, 15, 19, 34, 35, 2, 37, 11, 39, 40, 18, 41, 43, 44, 32, 4, 10, 50, 45, 47, 0, 26, 31, 3, 46, 5, 6, 7, 1] with distance = 719.0 with fitness = 0.0013908205841446453
best chromosome in generation 62 is [9, 38, 14, 36, 16, 12, 24, 13, 17, 48, 8, 20, 21, 22, 23, 42, 25, 30, 27, 28, 29, 33, 49, 15, 19, 34, 35, 2, 37, 11, 40, 39, 18, 41, 43, 44, 32, 4, 10, 50, 45, 47, 0, 26, 31, 3, 46, 5, 6, 7, 1] with distance = 714.0 with fitness = 0.0014005602240896359
best chromosome in generation 63 is [9, 38, 14, 36, 16, 12, 24, 13, 17, 48, 8, 20, 21, 22, 23, 42, 25, 30, 27, 28, 29, 33, 49, 15, 19, 34, 35, 2, 37, 11, 40, 39, 18, 41, 43, 44, 32, 4, 10, 50, 45, 47, 0, 26, 31, 3, 46, 5, 6, 7, 1] with distance = 714.0 with fitness = 0.0014005602240896359
best chromosome in generation 64 is [9, 38, 14, 36, 16, 12, 24, 13, 17, 48, 8, 20, 21, 22, 23, 42, 25, 30, 27, 28, 29, 33, 49, 15, 19, 34, 35, 2, 37, 11, 40, 39, 18, 41, 43, 44, 32, 4, 10, 50, 45, 47, 0, 26, 31, 3, 46, 5, 6, 7, 1] with distance = 714.0 with fitness = 0.0014005602240896359
best chromosome in generation 65 is [9, 38, 14, 36, 16, 12, 24, 13, 17, 48, 8, 20, 21, 22, 23, 42, 25, 30, 27, 28, 29, 33, 49, 15, 19, 34, 35, 2, 37, 3, 40, 39, 18, 41, 43, 44, 32, 4, 10, 50, 45, 47, 0, 26, 31, 11, 46, 5, 6, 7, 1] with distance = 701.0 with fitness = 0.0014265335235378032
best chromosome in generation 66 is [9, 38, 14, 36, 16, 12, 24, 13, 17, 48, 8, 20, 21, 22, 23, 42, 25, 30, 27, 28, 29, 33, 49, 15, 19, 34, 35, 2, 37, 3, 40, 39, 18, 41, 43, 44, 32, 4, 10, 50, 45, 47, 0, 26, 31, 11, 46, 5, 6, 7, 1] with distance = 701.0 with fitness = 0.0014265335235378032
best chromosome in generation 67 is [9, 38, 14, 36, 16, 12, 24, 13, 17, 48, 8, 20, 21, 22, 23, 42, 25, 30, 27, 2, 29, 33, 49, 15, 19, 34, 35, 28, 37, 3, 40, 39, 18, 41, 43, 44, 32, 4, 10, 50, 45, 47, 0, 26, 31, 11, 46, 5, 6, 7, 1] with distance = 700.0 with fitness = 0.0014285714285714286
best chromosome in generation 68 is [9, 38, 14, 36, 16, 12, 24, 13, 17, 48, 8, 29, 21, 22, 23, 42, 25, 30, 27, 28, 20, 33, 49, 15, 19, 34, 35, 2, 37, 3, 40, 39, 18, 41, 43, 44, 32, 4, 10, 50, 45, 47, 0, 26, 31, 11, 46, 5, 6, 7, 1] with distance = 693.0 with fitness = 0.001443001443001443
best chromosome in generation 69 is [9, 38, 14, 36, 16, 12, 24, 13, 17, 48, 8, 29, 21, 22, 23, 42, 25, 30, 27, 28, 20, 33, 49, 15, 19, 34, 35, 2, 37, 3, 40, 39, 18, 41, 43, 44, 32, 4, 10, 50, 45, 47, 0, 26, 31, 11, 46, 5, 6, 7, 1] with distance = 693.0 with fitness = 0.001443001443001443
best chromosome in generation 70 is [9, 38, 14, 36, 16, 12, 24, 13, 17, 48, 8, 29, 21, 22, 23, 42, 25, 30, 27, 28, 20, 33, 49, 15, 19, 34, 35, 2, 10, 3, 40, 39, 18, 41, 43, 44, 32, 4, 37, 50, 45, 47, 0, 26, 31, 11, 46, 5, 6, 7, 1] with distance = 688.0 with fitness = 0.0014534883720930232
best chromosome in generation 71 is [9, 38, 14, 36, 16, 12, 24, 13, 17, 48, 8, 29, 21, 22, 23, 42, 25, 30, 27, 28, 20, 33, 49, 15, 19, 34, 35, 2, 10, 3, 40, 39, 18, 41, 43, 44, 32, 4, 37, 50, 45, 47, 0, 26, 31, 11, 46, 5, 6, 7, 1] with distance = 688.0 with fitness = 0.0014534883720930232
best chromosome in generation 72 is [9, 38, 14, 36, 16, 12, 24, 13, 17, 48, 8, 1, 21, 22, 23, 42, 25, 30, 27, 28, 20, 33, 49, 15, 19, 34, 35, 2, 10, 3, 40, 39, 18, 41, 43, 44, 32, 4, 37, 50, 45, 47, 0, 26, 31, 11, 46, 5, 6, 7, 29] with distance = 676.0 with fitness = 0.0014792899408284023
best chromosome in generation 73 is [9, 38, 14, 36, 16, 12, 24, 13, 17, 48, 8, 1, 21, 22, 23, 42, 25, 30, 27, 28, 20, 33, 49, 15, 19, 34, 35, 2, 10, 3, 40, 39, 18, 41, 43, 44, 32, 4, 37, 50, 45, 47, 0, 26, 31, 11, 46, 5, 6, 7, 29] with distance = 676.0 with fitness = 0.0014792899408284023
best chromosome in generation 74 is [9, 38, 14, 36, 16, 12, 24, 13, 17, 48, 8, 1, 21, 22, 23, 42, 25, 30, 27, 28, 20, 33, 49, 15, 19, 34, 35, 2, 10, 3, 40, 39, 18, 41, 43, 44, 32, 4, 37, 50, 45, 47, 0, 26, 31, 11, 46, 5, 6, 7, 29] with distance = 676.0 with fitness = 0.0014792899408284023
best chromosome in generation 75 is [9, 38, 14, 36, 16, 12, 24, 13, 17, 48, 8, 1, 21, 22, 23, 42, 25, 30, 27, 28, 20, 33, 49, 15, 19, 34, 35, 2, 10, 3, 40, 39, 18, 41, 43, 44, 32, 4, 37, 50, 31, 47, 0, 26, 45, 11, 46, 5, 6, 7, 29] with distance = 675.0 with fitness = 0.0014814814814814814
best chromosome in generation 76 is [9, 38, 14, 36, 16, 12, 24, 13, 17, 48, 8, 1, 21, 22, 23, 42, 25, 30, 27, 28, 20, 33, 49, 15, 19, 34, 35, 2, 10, 3, 40, 39, 18, 41, 43, 44, 32, 4, 37, 50, 45, 0, 47, 26, 31, 11, 46, 5, 6, 7, 29] with distance = 674.0 with fitness = 0.001483679525222552
best chromosome in generation 77 is [9, 38, 14, 36, 16, 12, 24, 13, 17, 48, 8, 1, 21, 22, 23, 42, 25, 30, 27, 28, 20, 33, 49, 15, 19, 34, 35, 2, 10, 3, 40, 39, 18, 41, 43, 44, 32, 4, 37, 50, 45, 0, 47, 26, 31, 11, 46, 5, 6, 7, 29] with distance = 674.0 with fitness = 0.001483679525222552
best chromosome in generation 78 is [9, 38, 14, 36, 16, 12, 24, 13, 17, 48, 8, 1, 21, 22, 23, 42, 25, 30, 27, 28, 20, 33, 49, 15, 19, 34, 35, 2, 10, 3, 40, 39, 18, 41, 43, 44, 32, 4, 37, 50, 45, 26, 47, 0, 31, 11, 46, 5, 6, 7, 29] with distance = 667.0 with fitness = 0.0014992503748125937
best chromosome in generation 79 is [9, 38, 14, 36, 16, 12, 24, 13, 17, 48, 8, 1, 21, 22, 23, 42, 25, 30, 27, 28, 20, 33, 49, 15, 19, 34, 35, 2, 10, 3, 40, 39, 18, 41, 43, 44, 32, 4, 37, 50, 45, 26, 47, 0, 31, 11, 46, 5, 6, 7, 29] with distance = 667.0 with fitness = 0.0014992503748125937
best chromosome in generation 80 is [9, 38, 14, 36, 16, 12, 24, 13, 17, 48, 8, 1, 21, 22, 23, 42, 25, 30, 27, 28, 20, 33, 49, 15, 19, 34, 35, 2, 10, 3, 40, 39, 18, 41, 43, 44, 32, 4, 37, 50, 45, 26, 47, 0, 31, 11, 46, 5, 6, 7, 29] with distance = 667.0 with fitness = 0.0014992503748125937
best chromosome in generation 81 is [9, 38, 14, 36, 16, 12, 24, 13, 17, 48, 8, 1, 21, 22, 23, 42, 25, 30, 27, 28, 20, 33, 49, 15, 19, 34, 35, 2, 10, 3, 40, 39, 18, 41, 43, 44, 32, 4, 37, 50, 45, 26, 47, 0, 31, 11, 46, 5, 6, 7, 29] with distance = 667.0 with fitness = 0.0014992503748125937
best chromosome in generation 82 is [9, 38, 14, 36, 16, 12, 24, 13, 17, 48, 8, 1, 21, 22, 23, 42, 25, 30, 27, 28, 20, 33, 49, 15, 19, 34, 35, 2, 10, 3, 40, 39, 18, 41, 43, 44, 32, 4, 37, 50, 45, 26, 47, 0, 31, 11, 46, 5, 6, 7, 29] with distance = 667.0 with fitness = 0.0014992503748125937
best chromosome in generation 83 is [9, 38, 14, 36, 16, 12, 24, 13, 17, 48, 8, 1, 21, 22, 23, 42, 25, 30, 27, 28, 20, 33, 49, 15, 19, 34, 35, 2, 10, 3, 40, 39, 18, 41, 43, 44, 32, 4, 37, 50, 45, 26, 47, 0, 31, 11, 46, 5, 6, 7, 29] with distance = 667.0 with fitness = 0.0014992503748125937
best chromosome in generation 84 is [9, 38, 14, 36, 16, 12, 24, 13, 17, 48, 8, 1, 21, 22, 23, 42, 25, 30, 27, 28, 20, 33, 49, 15, 19, 34, 35, 2, 10, 3, 40, 39, 18, 41, 43, 44, 32, 4, 37, 50, 45, 26, 47, 0, 31, 11, 46, 5, 6, 7, 29] with distance = 667.0 with fitness = 0.0014992503748125937
best chromosome in generation 85 is [38, 9, 14, 36, 16, 12, 24, 13, 17, 48, 8, 1, 21, 22, 23, 42, 25, 30, 27, 28, 20, 33, 49, 15, 19, 34, 35, 2, 10, 3, 40, 39, 18, 41, 43, 44, 32, 4, 37, 50, 45, 26, 47, 0, 31, 11, 46, 5, 6, 7, 29] with distance = 663.0 with fitness = 0.0015082956259426848
best chromosome in generation 86 is [38, 9, 14, 36, 16, 12, 24, 13, 17, 48, 8, 1, 21, 22, 23, 42, 25, 30, 27, 28, 20, 33, 49, 15, 19, 34, 35, 2, 10, 3, 40, 39, 18, 41, 43, 44, 32, 4, 37, 50, 45, 26, 47, 0, 31, 11, 46, 5, 6, 7, 29] with distance = 663.0 with fitness = 0.0015082956259426848
best chromosome in generation 87 is [38, 9, 14, 36, 16, 12, 24, 13, 17, 48, 8, 1, 21, 22, 23, 42, 25, 30, 27, 28, 20, 33, 49, 15, 19, 34, 35, 2, 10, 3, 40, 39, 18, 41, 43, 44, 32, 4, 37, 50, 45, 26, 47, 0, 31, 11, 46, 5, 6, 7, 29] with distance = 663.0 with fitness = 0.0015082956259426848
best chromosome in generation 88 is [38, 9, 14, 36, 16, 12, 24, 13, 17, 48, 8, 1, 21, 22, 23, 42, 25, 30, 27, 28, 20, 33, 49, 15, 19, 34, 35, 2, 10, 3, 40, 39, 18, 41, 43, 44, 32, 4, 37, 50, 45, 26, 47, 0, 31, 11, 46, 5, 6, 7, 29] with distance = 663.0 with fitness = 0.0015082956259426848
best chromosome in generation 89 is [38, 9, 14, 36, 16, 12, 24, 13, 17, 48, 8, 1, 21, 22, 23, 42, 25, 30, 27, 28, 20, 33, 49, 15, 19, 34, 35, 2, 10, 3, 40, 39, 18, 41, 43, 44, 32, 4, 37, 50, 45, 26, 47, 0, 31, 11, 46, 5, 6, 7, 29] with distance = 663.0 with fitness = 0.0015082956259426848
best chromosome in generation 90 is [38, 9, 14, 36, 16, 12, 24, 13, 17, 48, 8, 1, 21, 22, 23, 42, 25, 30, 27, 28, 20, 33, 49, 15, 19, 34, 35, 2, 10, 3, 40, 39, 18, 41, 43, 44, 32, 4, 37, 50, 45, 26, 47, 0, 31, 11, 46, 5, 6, 7, 29] with distance = 663.0 with fitness = 0.0015082956259426848
best chromosome in generation 91 is [38, 9, 14, 36, 16, 12, 24, 13, 17, 48, 8, 1, 21, 22, 23, 42, 25, 30, 27, 28, 20, 33, 49, 15, 19, 34, 35, 2, 10, 3, 40, 39, 18, 41, 43, 44, 32, 4, 37, 50, 45, 26, 47, 0, 31, 11, 46, 5, 6, 7, 29] with distance = 663.0 with fitness = 0.0015082956259426848
best chromosome in generation 92 is [38, 9, 14, 36, 16, 12, 24, 13, 17, 48, 8, 1, 21, 22, 23, 42, 25, 30, 27, 28, 20, 33, 49, 15, 19, 34, 35, 2, 10, 3, 40, 39, 18, 41, 43, 44, 32, 4, 37, 50, 45, 26, 47, 0, 31, 11, 46, 5, 6, 7, 29] with distance = 663.0 with fitness = 0.0015082956259426848
best chromosome in generation 93 is [38, 9, 14, 36, 16, 12, 24, 13, 17, 48, 8, 1, 21, 22, 23, 42, 25, 30, 27, 28, 20, 33, 49, 15, 19, 34, 35, 2, 10, 3, 40, 39, 18, 41, 43, 44, 32, 4, 37, 50, 45, 26, 47, 0, 31, 11, 46, 5, 6, 7, 29] with distance = 663.0 with fitness = 0.0015082956259426848
best chromosome in generation 94 is [38, 9, 14, 36, 16, 12, 24, 13, 17, 48, 8, 1, 21, 22, 23, 42, 25, 30, 27, 28, 20, 33, 49, 15, 19, 34, 35, 2, 10, 3, 40, 39, 18, 41, 43, 44, 32, 4, 37, 50, 45, 26, 47, 0, 31, 11, 46, 5, 6, 7, 29] with distance = 663.0 with fitness = 0.0015082956259426848
best chromosome in generation 95 is [38, 9, 14, 36, 16, 12, 24, 13, 17, 48, 8, 1, 21, 22, 23, 42, 25, 30, 27, 28, 20, 33, 49, 15, 19, 34, 35, 2, 10, 3, 40, 39, 18, 41, 43, 44, 32, 4, 37, 50, 45, 26, 47, 0, 31, 11, 46, 5, 6, 7, 29] with distance = 663.0 with fitness = 0.0015082956259426848
best chromosome in generation 96 is [38, 9, 14, 36, 16, 12, 24, 13, 17, 48, 8, 1, 21, 22, 23, 42, 25, 30, 27, 28, 20, 33, 49, 15, 19, 34, 35, 2, 10, 3, 40, 39, 18, 41, 43, 44, 32, 4, 37, 50, 45, 26, 47, 0, 31, 11, 46, 5, 6, 7, 29] with distance = 663.0 with fitness = 0.0015082956259426848
best chromosome in generation 97 is [38, 9, 14, 36, 16, 12, 24, 13, 17, 48, 8, 1, 21, 22, 23, 42, 25, 30, 27, 28, 20, 33, 49, 15, 19, 34, 35, 2, 10, 3, 40, 39, 18, 41, 43, 44, 32, 4, 37, 50, 45, 26, 47, 0, 31, 11, 46, 5, 6, 7, 29] with distance = 663.0 with fitness = 0.0015082956259426848
best chromosome in generation 98 is [38, 9, 14, 36, 16, 12, 24, 13, 17, 48, 8, 1, 21, 22, 23, 42, 25, 30, 27, 28, 20, 33, 49, 15, 19, 34, 35, 2, 10, 3, 40, 39, 18, 41, 43, 44, 32, 4, 37, 50, 45, 26, 47, 0, 31, 11, 46, 5, 6, 7, 29] with distance = 663.0 with fitness = 0.0015082956259426848
best chromosome in generation 99 is [38, 9, 14, 36, 16, 12, 24, 13, 17, 48, 8, 1, 21, 22, 23, 42, 25, 30, 27, 28, 20, 33, 49, 15, 19, 34, 35, 2, 50, 3, 40, 39, 18, 41, 43, 44, 32, 4, 37, 10, 45, 26, 47, 0, 31, 11, 46, 5, 6, 7, 29] with distance = 660.0 with fitness = 0.0015151515151515152
best solution over all: [38, 9, 14, 36, 16, 12, 24, 13, 17, 48, 8, 1, 21, 22, 23, 42, 25, 30, 27, 28, 20, 33, 49, 15, 19, 34, 35, 2, 50, 3, 40, 39, 18, 41, 43, 44, 32, 4, 37, 10, 45, 26, 47, 0, 31, 11, 46, 5, 6, 7, 29, 38] with distance = 660.0 and fitness = 0.0015151515151515152
